8
1612
4516
9806
6583
4211
4516
9806
6583
4211
4516
1032
3655
7680
397
4679
10360
4679
10360
10088
7485
6585
5788
2952
8617
2952
8617
2952
390
10701
458
10576
916
8593
4633
6531
2195
3548
3586
8084
3106
2856
1917
9493
872
5186
7992
8065
7132
4657
7992
8065
2418
10994
568
2098
2969
415
3805
8226
8882
5252
704
5507
8681
6500
5268
8882
5252
704
5507
3391
7487
3313
11020
7951
4253
1024
4465
1024
4465
1024
4465
1024
5920
1562
5920
1562
5920
1562
5920
2140
4049
191
2155
191
2155
3579
191
2155
4560
8342
11056
7545
6884
2326
8300
2326
10488
10905
10177
10905
10177
10905
10177
2175
4944
2880
6467
2107
1509
2107
1509
2107
5885
1871
5885
1871
5885
1871
5885
2861
3505
1386
11290
1085
6009
4851
6835
6690
3114
3381
853
3381
853
3381
853
4134
7142
7713
10997
686
10537
10442
10537
10442
3697
7126
7743
7126
7743
4128
1293
1616
4236
8511
5664
7743
4128
4169
7715
3597
10814
1689
9316
1532
4823
7606
7146
10413
2659
3649
19
5298
10332
4244
6156
1331
9477
9702
9731
9226
7725
6916
1092
3212
4237
6736
6778
8947
10258
8621
7654
2509
1347
5104
10453
7188
4807
6553
10643
8935
894
4769
2921
3276
2080
2533
2086
4527
3777
904
6862
2768
8751
8352
607
1150
10032
1968
10587
7684
8247
3474
7362
4336
5342
2006
260
3641
3345
868
646
8794
7014
5173
224
1426
9691
7376
6929
5144
4342
5849
8754
220
5615
1028
7297
7736
6790
1413
8390
9814
1483
6863
2576
9558
4283
9354
6724
9936
5667
215
7903
2744
2631
444
6505
1959
7036
6495
4121
8670
144
8906
3774
3438
5744
4389
7482
1881
6042
5883
5356
9866
2347
7094
3264
1271
7788
4416
3140
10464
10587
7684
3869
10754
8247
3474
7362
5555
6275
3276
6814
10424
10873
9212
7609
9044
4336
5342
8551
7277
2006
260
3063
6107
2305
8602
7277
2949
2192
2921
3276
6814
10424
2080
2533
2086
4527
3777
1366
2280
1239
607
1150
5659
6473
8828
1968
1366
2280
1239
607
1150
10032
8828
1968
10587
7684
8247
3474
4445
3835
8691
6869
5355
9583
4334
6939
31
6939
31
6939
7348
9158
10917
4972
5704
2989
8691
6869
5355
9599
10264
7404
452
2882
452
2882
5733
396
9974
6818
2269
1007
4455
9118
1411
6113
11211
6148
1955
9064
2341
5154
2341
5154
9517
7854
10451
1132
8162
6678
7528
8417
783
8417
783
8417
783
1158
783
1158
783
1158
783
1158
783
8417
11177
5860
574
3865
3566
7315
5098
9201
3544
671
3609
7239
948
2074
9599
709
3761
10305
3252
3822
2169
5306
11222
5143
10653
1043
5041
4054
5348
9253
9222
4558
4056
1043
7415
4374
9618
4264
10197
9184
3242
9120
3940
1709
3940
1709
3940
1709
8312
9036
8312
9036
8312
9036
8312
9036
9441
7900
9441
7900
9441
7900
9441
7900
5083
10588
5083
10588
5083
10588
5083
5091
5083
5091
5083
5091
5083
5091
5083
10588
2718
2009
2718
2009
2718
2009
2718
2009
6729
541
5083
541
5083
541
5083
5091
9340
1527
9036
1527
9036
1527
9036
8312
1709
3940
9989
3918
10901
2664
7609
9212
10157
372
3252
8389
4719
8527
184
7947
4978
10200
9366
1382
9366
1079
9869
3307
9251
8199
10586
10066
3307
9251
8199
10586
10066
2912
0
4942
6755
2941
4696
290
9805
4541
9805
4541
9805
4541
9805
7984
9516
8946
9516
8946
9516
8946
9516
8946
1703
8946
1703
8946
1703
8946
1703
8533
7379
11133
2210
7139
10196
5248
7250
8749
5485
9758
1319
9758
1319
9758
1319
9758
1445
5952
4861
4423
4861
4423
4861
2070
4782
5012
4782
5012
4782
5012
4782
4423
4822
4423
4822
4423
4822
4423
4822
6932
10268
2807
1900
2444
6913
10268
6932
603
9181
1676
9181
1676
9181
1676
9181
1676
7557
6693
4260
6693
4260
6693
4260
3297
5876
3181
684
3181
6137
6352
8126
4822
6932
603
6352
10037
6644
64
6132
9279
6644
64
824
6825
7791
7397
64
824
6825
7791
4540
1703
8946
10403
10777
5876
3181
684
6535
8627
6535
8627
6535
8627
7397
64
6132
9279
10371
8126
4822
4423
4782
5012
1912
1741
1912
1741
11035
1086
2202
10518
6885
517
6885
517
6885
9401
10787
5216
10787
5216
10787
5216
2758
5216
2758
5216
2758
5216
2758
5216
10787
9978
10281
10787
9978
10281
10787
3714
9473
9925
8827
9925
8827
9925
8827
9925
10661
9978
10318
16
10318
16
10318
8263
3602
8891
8801
9401
5508
517
1175
7700
4423
4782
5012
1912
1741
11302
1741
11302
573
8218
5785
8218
5785
8218
5785
8218
5785
3700
5201
5401
10773
5401
10773
5401
11046
8608
10380
4938
10380
4938
10380
4938
4071
5638
4938
4071
5638
4938
4071
5638
3220
3993
3220
3993
3220
3993
3220
3993
996
8608
996
8608
996
8608
996
8608
10380
4938
4071
3433
10625
10660
9479
5605
4422
10660
6596
3433
6596
3433
6596
3433
10660
3433
10660
3433
10660
3433
10660
3433
10660
8466
10660
8466
10660
8466
6988
6596
4612
9996
9770
11080
10773
9770
11080
9388
6001
2506
8839
7615
10412
7615
10412
7615
2885
9506
7084
10469
1787
5380
7338
5380
1926
5381
10952
8271
10376
8418
6592
8418
6592
5449
10023
6780
10023
6780
10023
6780
3078
6780
3078
6780
3078
6780
3078
6780
3078
9442
3568
55
2696
8773
9442
3078
9442
4550
6874
1980
9719
1980
9719
1750
4144
7008
4144
7008
4144
7008
4144
7008
1012
7008
1012
6892
3248
1189
4837
389
6752
974
3057
1116
2254
477
2254
477
8392
477
8392
477
8392
477
8392
6288
11341
1415
5109
6944
3265
7922
7287
7922
3315
9955
262
6559
3230
9716
1403
335
1403
9716
4503
1836
2208
1836
2208
1836
4503
9059
5778
2817
8708
2817
8708
2817
8708
9984
8708
9984
8708
9984
8708
9984
8081
8646
4084
9263
7650
11155
1312
9736
2965
3462
7332
4711
5032
3834
5984
9641
8120
7875
6455
2317
7665
6065
5433
6109
8526
8038
8239
9172
9027
4292
1499
7817
9849
2569
6383
2909
250
5886
250
5886
250
32
250
32
250
32
250
32
806
5512
1826
802
3850
5028
595
5028
595
4302
799
2012
4805
2012
4805
2012
6972
4302
595
7914
7047
9084
7047
9084
1303
9187
3513
5361
1561
3513
5361
1561
3091
6896
3091
2731
597
3513
1561
3091
5739
3289
4299
3289
2200
1289
6829
5657
7888
5549
7299
6713
6096
1109
1192
1195
7468
3427
2173
1508
4663
11000
2666
9316
1532
5944
8612
10214
6289
10549
10801
4823
7606
6543
1723
11220
1585
9454
865
8465
5099
865
9454
3466
4582
3509
6724
3509
9936
5667
5270
9496
1716
215
7903
3597
10814
5664
7743
7126
3697
10442
10537
2827
5673
240
686
10537
2827
5673
240
686
10537
2827
5673
11189
6232
2263
4446
10537
2827
5673
240
5421
10713
2119
941
11189
6232
2263
6636
4556
7537
10389
11129
4006
8612
10214
11129
10214
11129
10214
11129
10214
11129
10389
1716
9496
6358
745
5308
4446
2827
5673
240
513
8452
8005
8452
8005
6646
10520
6510
7612
3889
4173
3376
2071
2386
2071
2386
2071
2386
2071
2386
2071
293
2071
293
2071
293
2071
293
2071
2386
8937
4745
9045
9845
7377
10153
5486
9232
10774
1659
9518
1466
5692
1466
5692
8269
5692
8269
5692
8269
5692
8269
2461
2886
5344
4962
5344
4962
1595
9175
8269
5692
1853
5530
7707
3382
599
6510
4048
49
293
49
293
49
1340
513
9670
5421
2119
941
11189
6232
2263
6636
5292
4556
7537
10389
1716
9496
6358
7537
10389
1716
215
7903
2744
2631
444
3408
10959
6505
1959
7834
10271
3359
10193
991
5810
1621
1480
4819
8200
2878
10008
4417
10945
4340
8201
4340
8201
4340
8201
10945
4340
3634
3626
3387
10346
8171
2464
6359
1022
10498
2449
10498
2449
10498
2449
10498
2154
10574
7480
3537
7480
3537
7480
3537
2852
1894
10704
629
5415
4950
5415
4950
5415
12
3840
4378
5918
4378
5918
4378
9500
1956
5966
8628
3521
8628
3521
8628
3547
673
5156
53
116
7613
5742
7613
5742
3141
5742
3141
5742
3141
4388
5651
5326
7820
5326
3010
6567
3530
3010
6567
7438
3084
8340
3562
5628
605
9915
7438
3084
5628
605
6726
4757
4470
2313
7484
5447
3236
4641
7077
9784
7842
9784
7842
9784
2840
9784
2840
9784
2840
9784
2840
9784
4324
622
3471
7656
3471
7656
3471
7656
11156
7754
3968
9337
3968
9337
3968
9337
10159
2840
451
6517
11154
1688
2052
10359
4716
10359
4716
10359
4716
10359
4716
2065
4900
4159
3796
4159
3796
4159
3796
8112
6401
1163
2597
1163
2597
1163
2597
10146
11293
10378
11293
10378
11293
10378
11293
10146
6471
10146
6471
10146
6471
1245
6401
8112
6677
6554
6677
6554
6677
6554
706
10417
10979
5214
3283
1747
3630
10620
5323
1500
11293
10378
5892
10378
5892
10378
5892
10378
8896
9957
3961
9957
3961
9957
3961
3845
6168
3060
3251
5956
3251
5956
3251
1240
7655
7566
1733
10802
10128
5112
2622
291
3061
9585
3146
9585
3146
6785
309
10100
6388
1645
583
1645
583
1645
3146
8348
1976
5339
213
11079
213
11079
213
11079
5565
3117
5565
3117
5565
3117
5565
4546
5565
4546
5565
4546
5565
4546
5565
3117
2092
2335
1039
6822
3116
1039
999
2153
11106
10434
3445
9032
7198
6834
9077
5902
9077
5902
9077
5902
9077
5902
9077
6669
6600
5957
1905
7414
1905
7051
9581
6155
9581
2190
4516
7281
2751
2239
3878
2364
3216
6152
4516
1032
3655
846
10340
699
6476
4136
1615
9016
7721
438
2858
11088
2858
11088
2858
11088
10125
11088
10125
11088
10125
11088
10125
7339
4002
8223
2022
8223
2022
8223
2022
4174
6924
1767
4108
7357
4108
7357
4108
1767
3540
11037
3329
11037
3329
11037
3329
4734
7095
8386
501
8386
501
8386
501
2971
5857
8378
5857
8378
5857
8378
5857
7571
3540
11037
3962
3145
3962
3145
5513
1364
9182
7952
1691
2850
10539
3863
10539
724
10957
8776
7731
8776
7731
8776
7731
11314
5172
8434
5172
8434
5172
8434
5172
8321
7341
8236
10883
8387
5371
5949
5371
5949
3589
9626
3589
9626
3589
9626
3589
9626
921
4471
10594
4471
10594
4471
10594
2865
4150
2580
1375
282
3814
3731
3814
3731
2363
7419
3731
2363
7419
3731
2363
11230
9322
4684
5210
7021
8823
1250
392
5329
6040
8285
4314
1265
7604
3598
6156
1331
11138
8663
6655
4458
9702
9731
2857
9226
7725
6916
1092
2405
7882
4237
6736
6778
8947
7109
6784
7218
11212
5144
4342
9839
9444
7476
7164
9333
7164
9333
3748
8623
2860
10950
8507
10950
8507
10950
8507
7833
328
5227
328
5227
328
5227
1877
4904
4559
8502
3089
404
6026
404
2123
7640
1429
404
2123
463
404
2123
6026
404
10115
5908
8655
5972
3546
4103
3182
6533
6080
6372
6080
6372
6080
6372
9763
6372
9763
6372
9763
6372
9763
6372
6080
9463
3484
6080
9463
3484
6080
9463
3089
5908
11259
3539
4217
5711
4198
1456
4198
1553
1954
11013
7835
7598
7835
7598
7835
11013
7995
5717
8395
5717
8395
5717
3005
9597
3005
9597
3005
9597
3005
9597
9070
6931
10267
754
7933
754
7933
754
5363
5327
6216
5008
1960
2272
6216
5008
7994
6580
6154
6580
6154
6580
6154
6580
6154
2186
1774
6580
6154
2186
1774
6580
6154
4611
9693
2716
3958
2232
11299
2232
3047
4654
838
4654
838
4654
838
4654
8921
295
10223
838
4654
8921
295
10223
2186
1774
3342
9839
9444
7476
7164
3899
4205
4651
2125
3823
3771
6846
1651
6846
10329
537
8076
537
8076
537
11013
1861
6323
7523
5717
7523
5717
7523
5717
7523
7995
5717
3005
6564
8717
6564
8717
6564
2853
9597
4161
9103
4203
6435
10544
5454
4651
2125
7444
4267
7444
4267
7444
6976
4203
6435
4161
9103
10642
9208
10045
4001
10740
2361
207
10740
2361
207
10740
2361
9103
4203
6435
6931
1960
6931
1960
6931
9070
689
9433
9439
8293
7933
3235
5363
5327
2716
3958
6861
10624
4343
2322
8277
2358
10637
749
8111
9541
3849
7049
239
2358
10637
749
8111
7049
10829
6186
9586
4101
7847
9550
3770
9550
3770
9550
3770
6622
10007
6622
10007
6622
10007
6622
10007
6622
11084
5591
6079
7816
6079
4207
2383
9550
6774
10353
9466
10353
9466
10353
9466
6513
1139
6513
1139
6513
1139
10558
524
5458
10070
2863
9685
2863
9685
2863
9685
9404
6880
9404
6880
9404
6880
9404
6880
10805
6685
9355
1589
8611
61
8131
755
8004
9767
2620
9767
2620
9767
2620
9767
8004
9772
9560
9568
2527
6225
3852
8855
298
4405
11041
8611
61
2527
9598
6053
983
8317
715
3637
2145
3637
2145
3637
8984
1805
6685
8570
6874
1980
405
2979
589
3568
7211
2097
10628
3296
8024
3638
2600
3638
2600
3638
2600
3638
2600
3638
9338
5942
6866
11021
7798
11021
7798
11021
1404
4031
1404
4031
1404
4031
1404
4031
476
7531
1552
7616
6028
9040
6028
9040
7798
11329
5942
11329
5942
11329
5942
11329
4600
8135
2097
10628
3638
10628
3638
10628
3638
2600
10793
1370
2558
9562
7345
9256
8315
8048
6175
8048
6175
8048
6175
8048
759
8815
4800
10953
8195
5116
3175
1408
297
4800
7432
10121
308
6016
7211
3568
55
2696
9332
5276
3105
9507
8748
9250
8123
2900
1455
2407
8811
5116
4831
4379
7602
9892
5630
7986
1965
1481
7602
9892
8811
1776
8195
3105
8195
3105
8195
3105
8708
2817
5778
7650
11155
2685
2231
4484
9456
1419
2484
9569
4731
8252
2685
5009
9515
6147
8421
6560
219
7682
6147
8421
6560
9478
2781
5111
54
4941
2781
5111
54
9642
4844
9642
4844
9642
4844
9275
10841
10176
5467
3658
5467
3658
5467
7192
4481
9189
1065
7927
7501
5254
7536
4235
2732
752
931
127
1668
2563
1668
9738
8884
6417
5074
6417
5074
6417
5074
10046
6632
6452
4145
6620
6125
6620
6125
3611
7610
5953
10241
5953
10241
5953
10241
7392
9074
155
7661
4635
127
241
4156
752
931
9942
5005
4738
5005
8105
7332
4711
7932
7280
8187
7252
6324
3680
6036
9425
9851
7191
3144
7191
3144
7191
3144
896
1819
5404
145
7202
145
7202
145
9414
230
2759
4961
1697
4961
1697
4961
2759
10361
2759
230
3612
9386
10823
3144
896
7413
2705
27
6525
8130
1874
8130
4026
9162
4854
6355
1717
27
499
11321
6659
6984
8343
6565
89
69
11097
7102
5973
1215
5060
9464
3448
2528
2523
145
7202
11098
3223
9981
7517
1251
3799
1209
807
6146
9519
6811
9519
6811
9519
6811
9386
4786
7230
8460
6418
6146
4100
10977
101
7202
5759
72
1129
639
3346
9058
2924
8697
416
2684
1482
6617
1482
6617
1482
10077
6770
9673
6277
10657
2004
10657
6486
6804
6563
6804
6563
6804
6563
6804
6563
5963
8633
9737
4341
10634
414
10634
414
8442
4958
8379
3191
8379
3191
8379
3191
7040
3191
7040
3191
7040
3191
7040
860
2384
10266
6933
8097
3819
8097
3819
949
6492
2742
6593
4602
5932
4602
8693
6421
8936
2183
434
5774
657
1045
3992
5365
8780
9035
2209
876
8780
9035
2209
6843
8050
10431
8451
7186
3318
10056
764
9000
8830
9000
8830
9000
8830
9000
8830
330
10645
9210
10278
1906
9245
8309
15
11243
3457
1120
4817
3507
8427
7199
6048
8807
6178
8238
15
1906
15
1906
15
8309
7921
9501
7921
9501
7921
9501
7921
10280
3687
4456
8110
168
8110
168
10280
7921
9501
3690
5289
10857
377
10992
900
3860
4886
3443
6215
3443
6215
3443
6215
3443
8825
8741
2954
8741
2954
4699
1264
1833
1264
1833
1264
1833
2954
11074
8238
15
11243
3457
920
8087
1847
4817
3318
10056
4461
9578
8887
6631
10472
5225
5884
3625
3295
3625
3295
3625
3295
7932
7280
8187
7252
6324
3680
1783
3680
1783
9089
7509
3483
2612
1606
3169
10472
3169
10472
6631
2130
9105
10769
4649
9179
6057
8206
3992
8298
7797
407
3668
407
7329
3080
8887
8186
430
58
3839
6126
8118
8186
8118
8186
8118
8186
8118
8186
8118
5225
8118
5225
8118
5225
8118
5225
8118
8186
430
58
8147
58
8147
58
8147
335
1403
9716
9302
9716
9302
9716
9302
9716
4503
1312
4503
1312
4503
1312
4503
9716
3230
5915
1230
1461
9107
4195
4461
6899
2049
1658
2483
9522
876
8890
8298
7797
5939
4649
9179
2796
5939
9110
5556
9105
5556
9105
5556
9105
5556
9105
5556
7329
5556
7329
5556
7329
5556
7329
5556
7329
3080
8887
8186
7481
9578
4988
3080
8887
8186
430
58
4079
9544
5515
378
3839
6126
430
58
3839
6126
430
7481
9578
4988
6899
2049
8733
7186
3318
1348
5386
158
6425
3789
6425
3789
6425
3789
1348
5386
158
10278
11243
3457
920
8807
6178
8238
9501
3690
10402
1538
5289
1862
8110
4456
5538
9177
4697
10149
4697
10149
722
1081
383
1081
383
1081
383
1081
7515
10735
712
8478
712
8478
712
8478
1081
383
8604
1137
7977
11300
8604
1137
2501
722
5558
4023
10149
4023
10149
4023
11078
5128
3131
277
5800
11286
3315
5594
7287
7922
3315
538
3315
538
3315
538
5986
8017
5986
8017
5986
8017
5986
8017
10850
296
10850
296
10850
296
10850
296
10850
8455
3230
8455
3230
8455
3230
8455
8017
5986
538
9955
262
10243
5072
5051
6624
4107
7845
9302
10243
8798
7988
1385
262
6559
3230
5915
1403
3406
5827
8122
1836
2208
9124
3625
2208
9124
3625
2208
9124
3625
3295
1018
1672
10808
2493
3585
5036
2870
3385
10166
5660
8578
9938
4113
2240
6821
4301
9091
4723
5660
4113
2240
4723
5660
10166
8719
4855
3786
1704
3786
1704
9818
6534
3786
10405
6304
3385
9091
6821
4301
2493
1412
7392
10241
2602
10241
5953
3585
5036
8684
7503
2316
7790
4354
2929
4354
2929
4354
2929
4354
2929
4354
4105
6670
2324
4368
5460
4590
4717
10963
2935
10963
2935
10963
2935
10963
2935
10963
2935
6108
4520
4443
6648
4443
6648
4443
6648
9793
8336
9793
8336
9793
8336
9793
8336
7120
6410
8246
1468
8246
1468
8246
4364
8246
4364
8246
4364
8246
2512
5249
5550
6105
9486
8023
2783
5465
3130
10198
10140
11194
5369
11194
10510
511
7166
6056
1845
7316
2152
4552
6997
9225
173
5202
8096
9537
6165
7085
9754
2881
11273
2881
3074
2571
552
2571
552
2571
552
2571
552
10396
5825
3320
7402
3320
9765
2220
8431
8759
8731
602
8431
8759
4736
6210
808
2658
7016
2738
9687
1636
5996
122
2109
3659
4363
6868
5554
11198
9257
11198
7742
11218
4426
11218
4426
11218
4426
11218
7520
154
7520
154
7520
154
7520
154
8366
3481
9288
5283
8686
3644
2388
3644
2388
3716
7971
7106
7971
7106
7971
7106
7402
3320
8414
7159
2679
7159
2679
7159
2679
7899
1491
7899
1491
7899
1491
7899
1491
1952
11182
7668
5632
1373
9801
9932
5133
2693
2258
9932
5133
2693
2258
784
1373
9801
2139
9022
10426
9022
2799
3481
9288
359
41
2557
41
2557
41
2557
1586
9665
5675
9665
5675
9665
5675
9665
11182
3636
10330
4617
2962
11239
2427
1223
5071
5750
5071
5750
5071
5750
5071
5750
5071
9830
11171
10228
472
870
2101
8552
1177
10330
4617
2101
9157
5290
9157
5290
9157
2306
26
9295
10317
9295
10317
7493
5388
1434
3669
385
5822
9826
1263
1604
1284
8625
2417
10465
2599
544
2448
9157
2306
26
3455
1111
1125
2477
2333
2477
10686
9298
4818
10668
5967
8194
9650
511
1003
1160
7423
8774
8863
2574
9675
2574
6696
7355
9785
7355
9785
7355
9785
7355
9785
6354
10286
10419
10286
10419
10286
10419
10286
6941
1501
1669
6338
4092
6576
474
1332
7291
9230
187
11099
5572
4187
5572
6430
4187
6430
4187
6430
4187
6430
4187
6430
5790
5232
138
11238
8548
7226
4884
8567
6799
6446
2727
6813
2727
6813
2727
6813
7775
10746
507
10746
507
10746
507
2087
8323
8962
10502
8962
10502
8962
10502
5265
85
3872
10692
3872
10692
3872
10692
2454
10626
2454
10626
2454
10626
2454
10626
6667
3872
4604
3797
4604
3797
4604
3797
10213
3218
9221
140
8457
11001
5528
3218
73
7117
3269
3011
1463
6363
1376
8637
5569
3002
9674
2199
7377
5917
8437
5917
5473
6901
2375
1463
3790
6961
2089
7757
8917
3797
744
10167
10513
211
4826
211
2618
9876
1661
9470
3489
9621
3489
9621
1567
9899
8585
7072
8585
7072
8585
7072
2767
6989
10020
6989
10020
6989
10020
6989
2159
5312
10795
4027
10795
4027
10795
4027
9213
6845
9462
11304
3975
11304
3975
11304
5073
2984
496
3975
2584
3975
2584
6845
9462
8711
253
9213
253
9213
253
9213
4027
10795
3735
10795
3735
10795
3735
4538
7692
5680
11148
7673
8990
6781
7500
6781
7500
2319
1761
2319
1761
2319
1761
2319
1761
5393
9970
10205
654
6759
68
2515
10024
1207
5107
7268
2826
2062
4584
6359
1022
10498
9508
2878
9508
2878
9508
2878
10008
236
4417
10008
236
4417
10008
236
4417
10945
4340
3634
3626
8538
5462
6717
1345
6536
6295
9406
6295
9406
6295
9406
6295
8819
11308
1761
5393
1708
3600
2499
9727
3990
7212
2985
654
3387
5399
2464
6359
1022
10498
2449
11195
3421
6747
3421
7331
337
8922
10290
8325
7009
5910
337
8922
4008
10508
4008
10508
954
4875
7480
3537
2852
1894
11332
5644
777
5644
777
5644
10851
9943
5179
9653
5179
9653
5179
6405
956
5229
956
5229
956
5229
956
1058
8909
4867
7258
8080
6990
1876
6990
1876
2502
1876
2502
1876
2502
1876
2502
5681
8264
1938
10357
1095
10357
1095
10357
1095
1938
8264
10425
7232
5681
11185
5681
11185
8841
11185
8841
11185
8841
11185
8841
5494
7155
5282
7155
5282
7155
5282
7155
5282
6870
7769
1736
3298
3707
1097
8264
10425
7258
8080
5658
6589
9408
10525
4121
8670
5218
707
5282
707
5282
707
5282
7155
1736
11190
1377
5697
1377
5697
1377
5697
10729
5697
10729
5697
10729
5697
2997
3711
11190
2294
7454
11265
3787
5640
9285
10935
4310
545
8694
5535
10772
5535
10772
11135
8564
2990
11179
11174
4985
11135
117
1035
8986
10471
10640
10471
10640
10471
10640
1807
9410
9809
884
10274
5968
10274
5968
10274
424
9904
4585
5286
10048
2252
7174
6756
5872
1785
10047
10563
4178
10563
4178
2640
4516
1032
3655
7680
579
390
6194
11153
5788
2952
8617
989
2895
1545
11072
4675
6072
8042
8213
5025
9646
4351
8042
8213
5025
4739
7351
5139
4751
8943
4739
7351
5139
4751
8943
4739
7351
916
8593
7930
6531
9521
9828
2446
6
8020
2694
5537
3520
8020
6
7197
2593
547
3723
2446
6049
3459
668
10367
33
668
10367
33
668
94
7955
5359
872
5186
2261
10904
2352
5906
1495
3498
6157
7425
7184
3498
6157
7425
7184
9589
7373
2754
6332
3581
8189
7658
1996
5904
7333
6777
7513
8590
1140
3618
6045
388
2947
6307
3738
2260
3738
8700
7032
6407
2946
2103
3674
5949
7931
959
9420
6019
10535
2365
1837
6886
2016
10942
4453
2749
10474
10942
4453
2749
10474
3589
5949
5371
10493
7341
10493
7341
10493
2014
386
9122
3981
3999
8871
3699
5769
6024
6619
8204
6024
6619
8204
6024
6619
3999
8871
3699
7375
5585
7375
5585
7375
8893
8642
7429
1323
7644
1323
7644
1323
5244
3863
10539
2224
10539
2224
10539
2224
2396
1990
2396
1990
2396
1990
2396
1990
5613
5741
56
7283
56
7283
56
7283
7295
9647
7514
9647
7514
9647
7514
9647
10998
9647
10998
9647
10998
9647
10998
9647
7295
56
7295
56
7295
56
7295
56
393
1000
393
1000
393
1000
393
1000
393
8117
3984
10632
6073
1713
4002
1713
6073
937
1966
6887
6610
4606
6610
4606
2184
10297
10533
6887
10533
6887
10533
6887
1966
3126
1782
3984
6625
10010
6625
10010
6625
10061
5358
7374
5358
7374
5358
7374
8657
8594
6618
7642
3952
6637
3952
6637
3952
2314
1389
9220
2920
5198
2920
9182
1991
7063
5841
6382
5280
86
9024
6878
700
5678
6002
2211
7726
9900
700
5678
5280
86
11027
86
11027
86
11027
86
11231
11027
3012
10087
11160
10087
11160
10087
688
8078
7032
6407
95
9122
7431
3900
10761
9856
955
9249
3900
10761
9856
688
10087
11160
4783
1991
7063
10843
693
10875
2066
370
3962
3145
9409
3145
519
5513
1364
4734
1364
4734
1364
4734
1364
4734
7571
4734
7571
4734
7571
4734
7571
4734
7095
8386
4464
2314
1389
6283
6279
2920
9220
7095
9220
7095
9220
7095
9220
7095
4734
7571
3540
1767
4683
8249
2812
4683
2812
1767
2858
11088
9459
11088
9459
11088
10125
5345
730
2327
6121
2327
6121
2327
681
5726
3708
4273
3518
1067
6578
9269
3729
3404
8610
10308
7880
4974
3650
4974
2798
4974
2798
4974
2798
4974
2798
4974
2798
2381
6640
6204
4020
1822
5281
9
5281
1738
6911
1449
3446
4196
7660
6062
9446
3983
6628
4223
9303
4223
9303
4223
1939
6912
3067
1453
6244
1453
6244
1453
5751
1453
5751
1453
5751
1453
5751
1453
4163
6244
1440
5493
7007
8338
7832
2233
1548
4647
1128
10054
2604
1051
4004
8444
2798
2381
5390
7880
6487
7880
6487
7880
9101
1671
4147
7880
9101
1671
4147
7880
3817
8779
10656
4920
11262
1020
11134
6782
259
420
6926
420
6926
420
6926
420
259
3204
10104
678
5765
11134
5765
11134
5765
6765
2933
1020
1615
1020
1615
1020
2933
4589
11262
4589
11262
4589
11262
4589
43
4589
43
4589
43
4589
4147
6640
10809
7251
6039
4249
4672
2998
6414
7041
7090
811
7090
811
4441
2907
8102
9451
1786
10127
1786
10127
1786
10127
1786
10127
11272
4112
5090
8941
5090
8941
5090
8941
5090
2035
3247
7759
8399
8401
5819
10127
1786
4581
10057
2144
6063
8782
3451
7018
8102
9451
10127
1786
4581
4594
2510
6670
2324
2890
11103
3227
2239
7075
8109
601
8109
60
8469
3488
10915
5431
4288
2414
1422
10130
3256
849
9928
8778
4796
6850
8174
9994
9146
6648
8316
1704
8316
1704
8316
2692
10975
2692
10975
2692
10975
2277
7532
9645
10333
906
8856
6483
8002
4104
1583
2068
5540
2068
5540
2068
5540
2068
9178
1583
5540
9753
4080
6732
2068
9178
1583
5540
9753
8826
6356
2057
9021
10456
9283
6698
2057
2646
8237
8587
6011
8979
5063
8237
8587
11313
9395
7765
539
9225
173
3226
1243
8179
1243
8179
1243
8179
9349
7975
4901
8070
7636
3766
2662
3824
5831
2753
4074
2753
4074
10229
581
1624
3824
5568
8194
9650
511
7166
4263
11320
1106
2273
1106
2273
1106
2273
1106
2273
7836
9443
2152
4552
6997
4208
6842
5685
7696
7150
4542
2237
3102
9395
11313
2823
6258
186
5599
186
5599
186
5599
186
7167
705
1936
3750
1936
3750
1936
3750
9486
6391
9381
10540
3419
3171
7138
9265
3397
317
1714
11026
6745
6658
5126
6671
2281
3967
6658
9924
9392
1361
4406
8018
10503
9392
1361
9785
7355
6720
10179
331
156
3880
4092
4141
9723
137
4401
7163
9696
1272
376
1272
376
1272
376
1272
10990
376
10990
376
10990
376
10990
376
10990
3164
7163
9696
9080
5504
7417
967
3875
3003
9782
4885
11122
9057
9031
4709
2694
5537
7885
9476
6103
33
3520
8020
6
7197
2593
547
1367
3113
3534
2150
4571
1814
6665
2723
11107
10530
3933
7815
8615
3591
5959
4439
2415
10720
3534
2150
9521
6049
2195
4751
8943
4739
7351
916
8593
4633
7782
4571
1814
6665
2723
11107
10530
10154
1322
3775
1153
3216
7851
3775
1153
10277
5518
8363
2364
3216
7851
3775
5837
5431
3947
6760
4766
7960
2094
656
1126
7030
10154
2094
656
1126
4626
9102
6214
6938
3531
2289
8446
4792
3094
4288
1181
1986
10618
5990
9588
10737
1126
7030
3046
313
9723
6338
1369
7561
490
10286
850
6671
2246
2764
1473
159
2466
159
2466
159
2466
3531
2289
8446
7046
3094
6410
5249
3018
5550
4497
3419
3171
1102
10492
10075
8176
10492
1102
10382
2466
159
9966
10419
3688
850
6671
2281
3967
6658
5126
6354
9785
331
156
3880
9214
9111
10768
1332
8932
938
9412
7226
8548
5790
5232
8057
2487
1518
2487
2537
4923
3135
8360
8762
3135
8360
8762
9166
3545
138
11238
6697
6423
8548
5790
5232
8057
2487
2537
4923
3795
8057
2487
1518
10768
1332
7291
9230
1518
10768
1332
8932
5416
7213
5818
8262
9080
6022
8253
4428
9782
9057
8449
3875
3003
8253
5209
8420
137
5209
9069
3591
5959
7197
2593
547
1367
3113
2415
10720
1814
6665
11316
7782
11316
7782
11316
7782
11316
6665
8667
6152
7776
10141
9806
6583
10701
458
8617
2952
390
4211
4516
4122
7281
2751
2239
3878
2751
2239
3878
2751
2239
7075
8109
9480
9224
2890
4501
6414
7041
7090
8506
2889
7945
6204
4474
9551
8115
3465
4877
7273
6452
4145
6063
9451
1786
4581
10057
7400
10057
7400
10057
7400
11281
5701
10871
7610
3611
518
2602
2877
2563
1668
9738
5867
1696
9730
787
9287
10694
5074
6417
787
6417
787
6417
787
9730
8978
627
5235
9837
1378
5235
9287
10694
1156
4518
8115
3465
3451
1842
7490
7945
10809
7251
8747
1907
6640
5390
7880
3817
11124
2639
4990
3817
11124
2639
1418
10887
6487
10887
6487
10887
6487
10308
7880
4974
3650
5364
8846
8423
5505
8423
8846
6582
9617
10272
9617
10272
9617
10272
2003
4773
303
8338
7832
6167
5320
182
10786
273
5215
6994
8168
4004
8168
4004
8168
7735
1738
8278
5903
11252
8278
9
9661
3399
8154
3399
8154
3399
9205
5903
6769
2036
10780
7398
10257
11252
1449
4339
4221
4491
651
5065
182
10054
6582
8846
1051
4004
11105
3149
11105
3149
11105
3149
8168
3149
8168
7735
10240
6911
1449
3446
4196
2397
7501
6100
8141
8853
10497
8853
10497
8853
10497
8853
10497
8853
1065
7637
3510
7192
3510
7192
3510
7192
5467
3658
6433
649
6433
649
6433
649
8083
8232
2473
8228
2473
8228
2473
8228
8177
3894
8744
4915
8744
4915
8744
1133
7862
4172
1628
9085
8228
8232
1255
9871
2198
1884
4547
10321
10136
5467
6590
1381
5467
3617
10763
1262
6849
7783
4547
3658
8441
8767
9206
3200
7430
2301
7087
10890
9370
5042
9370
5042
9370
5042
9370
5042
9370
8177
3894
6441
4715
2876
5075
2608
5075
11147
5075
11147
7622
5075
11147
5711
4198
6894
3898
175
10049
175
7622
4038
1639
10049
6816
2973
4973
1281
4973
1281
2500
10739
5246
10190
9787
4181
10818
848
10739
5246
10190
3048
6170
11287
4357
3380
4896
5228
9950
3633
419
3633
419
3633
419
5562
11062
5228
11062
5228
11062
5228
9950
6668
5442
2782
8520
645
6133
1641
1639
10049
6816
7779
3887
4091
5246
10818
848
6323
1861
7278
1553
1954
1983
1456
7964
4801
8655
5972
7964
4801
3539
1196
10747
2025
8320
751
4694
2025
8320
10115
560
2641
1196
10747
7242
10747
2025
1133
7862
4172
3098
203
952
10965
11315
11178
5475
1282
9418
2722
2496
2000
10050
1212
6451
442
1766
2143
9109
8845
3755
1278
6958
1497
7445
3104
6937
6603
9607
769
4149
11248
8750
198
2339
2824
5823
6810
5823
8582
8013
9574
3004
7525
4234
30
4860
1657
4860
1657
4860
1657
4860
1657
6346
1406
10006
10519
3762
1406
10006
10519
3762
1406
8626
10006
8626
10006
8626
4234
6758
2297
1957
7477
9376
9387
982
1155
7892
2360
3800
7892
2360
3800
7892
2360
10719
9755
2740
252
3800
2862
3800
2862
10040
4369
6574
6493
3299
5059
5093
5059
5093
10567
9613
10567
9613
10567
9613
10567
6864
4737
4597
3361
6864
4737
4597
3361
5108
10567
9613
6297
9613
6297
9613
6297
5405
8377
10183
3870
3308
6021
4064
4457
6297
5405
10183
9112
4537
21
3383
6130
2720
384
4963
10397
9549
4162
843
3667
9320
885
6353
8864
6353
8864
6353
8864
6353
8035
107
5149
10797
6139
2160
5545
9333
5360
9333
5360
9333
5360
9333
5360
9333
3748
10669
5849
8754
10722
6007
1269
6428
4176
6428
4176
6428
4176
6428
4176
6428
3212
4237
6736
5376
1846
4227
1569
5563
3056
6778
8947
10258
8621
6023
7654
2509
1347
5104
10453
7188
1506
8356
1506
8356
3905
8356
3905
8356
3905
8356
4429
286
4333
3673
1338
3673
1338
3673
1338
3673
7346
10903
3183
4695
7209
4695
7209
7718
10954
1098
7082
2490
212
2490
212
4293
1113
6838
10188
6838
10188
6838
10188
6838
1031
6838
1031
6838
1031
6838
1031
4682
4185
446
4185
446
4185
446
4185
8181
6124
4381
11028
4888
10716
295
10223
2186
1774
6580
7994
3965
1655
3342
9839
9444
979
4227
1569
6907
979
4227
1846
4898
5376
1846
4898
1846
4898
5376
1846
4898
10669
3748
8623
2160
5545
5108
7473
4309
9436
5093
5059
2529
322
8876
9684
4587
9339
5941
5615
1028
5620
161
1981
7297
7736
8299
4231
4458
5131
9273
4045
2481
4830
4925
4830
4925
4830
5627
6228
8720
6228
8720
9198
3241
5583
8299
4231
4087
6790
1413
8390
9814
5302
3213
1483
6863
2835
9682
2576
9558
8679
5418
1715
3710
953
4000
5885
2107
1619
2743
1509
2880
6467
10035
8433
10035
8433
531
2861
4000
1921
2503
740
911
3874
911
3874
6276
8605
456
6241
969
6241
969
9682
2345
9255
10532
5155
139
5155
6040
8285
5329
5200
5329
5200
5329
5200
5329
5200
847
6345
6824
6345
6824
6345
6824
361
10148
7304
6134
9490
8198
1049
8198
7144
614
6038
614
6038
614
5544
9873
1755
3913
325
10905
325
10905
325
10905
325
1490
10488
1490
10488
1490
10488
1490
6871
4281
1670
2825
7086
2825
7086
2825
5715
6951
10212
7670
8127
8515
11267
7670
8127
10293
7247
1080
9987
2180
3035
4377
905
8854
4596
8854
4596
8854
4596
8854
7022
10294
200
9600
4596
8854
7022
10294
3219
5444
3416
3622
9193
2340
5874
4729
3035
4377
9987
2180
10944
10664
10356
8558
1864
8558
1864
8558
1864
8558
1864
8558
1180
4878
6058
980
9664
4878
6058
10315
4150
2450
9455
632
6547
8032
2820
7941
9322
3437
3814
3731
4206
1755
4206
1755
3913
10504
7916
10504
7916
10504
7916
10504
3913
325
1864
325
1864
325
1864
325
1490
10488
2326
2668
8149
7452
3922
7452
6112
7452
6112
7452
6112
7452
6112
7452
3922
2546
1349
2546
1349
2546
1349
2546
1838
7301
5516
7301
5516
7301
5516
7301
5705
8341
7123
5705
8341
7123
5705
8341
6954
7236
8685
8881
8685
8881
8685
8881
6202
2698
915
449
915
449
915
449
2430
5241
11192
10295
11192
10295
11192
10295
8433
10035
2766
4944
909
8030
909
8030
915
449
1400
7516
1420
334
10287
6954
7236
8685
7906
6256
7452
6256
5269
81
5169
8881
6202
10248
6202
2698
5169
8881
6954
8341
7123
5516
4390
8183
4390
8183
4390
5516
2267
2279
44
3122
6858
44
3122
5159
7545
3447
1257
11257
7814
6738
11188
4311
7849
2825
7849
2825
10943
4750
10893
5873
7247
10118
7588
7793
7588
7793
7588
6129
1042
5011
2837
4906
5368
10025
10571
2683
2458
2683
2458
2683
551
9161
495
6714
6224
4116
10888
6714
6224
4116
10888
2458
10888
2458
10888
2458
10888
2458
7505
8584
5446
10025
5446
8461
225
8889
8108
3581
9589
3581
9589
3581
9589
3581
8108
6981
8108
6981
5578
2379
4326
8536
6332
3581
8189
7658
7333
6777
1119
6331
5330
366
3121
10611
4713
6331
5330
366
3121
6240
8757
4977
1267
2225
10407
4306
5807
1219
2260
1219
2260
1219
2260
1219
3538
6532
4129
6482
4994
6819
6699
4418
3166
8448
10326
743
6195
8448
10326
5527
7189
5527
7189
5527
5623
8756
5926
10972
4679
7837
846
7837
4679
5610
6502
10360
10088
7485
6158
2420
3671
766
6311
9002
1917
9493
872
5186
2261
5654
2616
2261
2194
510
4610
5786
5732
6607
8438
10292
8586
6918
2616
2261
2194
510
8302
3051
4610
5786
5732
10279
10345
4253
7749
3152
4512
6615
362
6615
362
6615
362
6615
8008
151
8662
8156
8662
8156
8662
8156
10647
9848
7340
10122
1763
10577
5423
6501
9347
5899
9824
5001
9824
5001
9824
5001
9824
6530
4007
2244
7685
1647
8408
4216
6882
3322
48
3322
48
3322
48
3322
48
3278
48
3278
48
3278
48
3278
6882
4833
48
4833
48
4833
48
4833
3278
4833
3278
4833
3278
6882
3322
9848
7340
10122
1763
10577
5423
6501
7643
6501
7643
4465
7643
4465
7643
4465
7643
4465
7643
10961
5472
10961
5472
10961
5472
10961
5472
2551
362
6615
8008
5086
6434
4115
6500
5268
8882
5252
704
5507
3391
10343
3349
10343
3349
10343
3349
10343
3349
10343
9634
10343
9634
10343
9634
10343
9634
10343
3313
11020
7951
5587
6176
523
11073
4285
3209
8824
3758
8276
9488
11191
4756
7905
8065
2418
10994
7934
6836
5182
7635
9499
4680
7917
8664
9531
7417
5803
10667
6446
5772
7265
8734
10984
7775
10746
823
8397
716
11063
5197
10806
8835
4656
9267
7688
9267
2902
2919
10846
5346
10462
3790
4726
3011
411
10083
4348
6901
2375
1333
5569
3002
7511
2831
7486
8369
7486
8369
7486
8369
2566
2772
6444
2772
6444
2772
6444
8914
3075
8124
4824
4853
4824
4853
4824
4853
3343
1865
3343
1865
3343
1865
3343
7876
1292
7876
1292
7876
1292
7876
1292
2215
2082
7896
2960
1006
3262
5331
3262
1522
5643
1522
5643
1522
5643
1522
5643
4824
4853
7982
7257
10208
11090
5961
9351
3103
8758
7257
4824
4853
3343
9096
11169
3765
7579
6184
5295
10003
9188
10840
7982
10840
1793
2265
2189
4358
487
6361
1665
4733
4463
10687
10473
2511
1818
47
7562
9619
1943
4320
4918
3607
6041
9413
3631
1063
4320
4918
3607
5635
2265
1793
7257
4824
4853
1911
6708
9231
9159
9231
1522
5643
4824
8124
3075
8914
6444
6975
5740
8914
489
4516
7281
2751
2239
7075
8109
601
7572
7075
8109
9928
8778
9886
11114
7381
71
4520
6108
5426
6108
5426
6108
5426
6108
5426
2689
9512
10609
9512
10609
9512
10609
9512
4827
9512
4827
9512
4827
9512
4827
9512
10609
10319
5539
7709
5539
7709
5539
7709
5539
6457
8778
849
8469
849
8469
849
8469
3488
10915
5431
4288
3330
9095
3330
102
8336
9793
5509
4880
2471
4278
2414
1422
10915
11330
1153
10277
11330
1153
3216
7851
2723
6665
11316
7782
319
8362
10141
9806
6583
10701
458
8617
989
2895
6585
5788
2952
8617
989
2895
1545
10379
9646
10573
3919
4351
8042
2856
8224
9484
3671
766
5906
1495
1562
1495
1562
1495
1562
5920
2140
4049
5920
2140
4049
5920
5596
3205
10279
3205
10279
3205
10279
3205
10279
10345
4253
1024
5920
2140
7666
3635
11056
7545
6884
2326
4965
2326
4965
2326
4965
300
3922
300
3922
300
3922
300
3922
398
3922
398
3922
398
3922
398
3922
2546
1349
1798
8809
1838
2267
2868
5035
1575
1234
11152
394
2010
394
2010
394
2010
10745
114
7294
10745
114
7294
10745
2010
394
3584
7579
11241
2090
6384
6173
1441
4575
6192
8565
2189
8565
2189
8565
7310
3375
9756
6361
5240
1665
5240
1665
4733
4463
7663
11245
7241
10282
4188
7663
11245
3587
1237
4419
8998
1630
5033
10639
610
65
5735
1950
7688
10816
10934
132
8046
6959
5927
1110
5938
1110
5938
1110
5938
8787
5197
6227
5197
6227
5197
266
5668
10517
10806
8835
4656
9267
7688
10074
2051
4063
2051
4063
2051
4063
2051
4063
2051
1172
8046
6959
9149
2967
3371
1204
4180
6798
1433
10079
520
568
4756
7905
8031
11191
4756
7905
8031
7632
10292
8586
6918
2616
2261
2194
5654
2616
2261
10904
9002
1917
9493
3106
8213
5025
9646
10379
10573
3919
11072
4675
6158
2420
6157
7425
3577
1996
5904
4864
8098
3820
4700
3237
5330
5353
3820
4700
3237
5330
5353
3458
893
3458
893
3458
893
6047
893
6047
893
6047
893
6047
9438
4864
8098
3820
5926
4318
1848
10088
10360
4679
7837
846
10340
699
6782
699
5019
6476
4136
7382
699
5019
9411
9611
10627
9153
6195
8448
7093
10259
9153
6195
8448
7093
10259
4136
7382
2439
10104
6917
9998
2998
11303
4501
8399
8401
3601
11272
4112
5090
2035
3247
811
3247
811
8677
7759
8399
2324
4368
5460
7790
5460
7790
4354
2929
5541
6895
4909
4069
4594
9855
1786
4581
10057
2144
6125
6620
518
5953
3585
2870
3385
10166
3032
9283
6732
2068
1583
4104
6534
3786
10405
6691
1704
9818
6252
10975
2692
5132
2277
9761
7120
8336
9793
5509
9146
5509
9146
5509
9146
5509
4880
9327
196
4288
1181
7907
3947
6760
4766
7960
1322
11107
10720
3534
2150
9521
6049
2195
3548
3586
8213
5025
4739
7351
916
8593
7930
5139
413
4516
1032
3655
846
10340
6153
3487
259
3487
259
3204
10104
678
3070
11053
4014
6765
2933
4589
11262
8212
8513
438
6943
10656
4920
4147
6640
6204
4474
4322
7490
2907
3247
811
7090
4249
126
8215
4222
6917
9998
5755
11303
3227
6926
5755
11303
3227
6926
420
259
3204
420
259
3204
420
259
6782
699
6476
4136
1615
3479
8212
11262
4589
43
5782
4249
5782
4249
5782
4249
126
4014
126
4014
126
43
1907
6640
5390
7880
9101
1671
5069
3535
8779
10656
5069
1671
4147
6640
6204
4020
8444
2798
2381
6640
10809
7251
6039
8506
4441
2907
3247
2035
8941
5090
2035
8941
4112
5090
2035
3247
7759
8399
2324
4368
4105
6670
2324
4368
5460
147
9928
9480
147
5460
4590
4717
10963
7503
7453
7745
10250
3271
5468
5541
6895
8157
5701
10871
2991
8393
3271
5468
5541
6895
2510
5819
9855
4594
2510
6670
2324
2890
4501
6414
8677
7759
8399
2324
4368
5460
4590
4717
2316
7790
4354
7790
5460
4590
8778
4796
3256
849
8469
7148
8363
7148
8363
7148
8363
7148
5518
7148
5518
7148
5518
7148
5518
1009
8363
2364
3216
7851
3775
5837
11330
1153
3216
7851
2723
6665
8667
7851
2723
11107
10530
3933
7815
8615
8420
3046
313
9723
6707
3164
7163
9696
5438
6576
474
1332
7291
1852
422
9412
7226
4884
8567
6799
4650
8567
6799
4650
8567
6799
6446
2727
7265
2727
7265
2727
6813
7775
10746
507
8566
1526
586
10789
2592
9018
2592
9018
2592
9018
2592
9018
10386
9398
10607
11306
10247
9901
2114
11238
6697
10012
9947
842
5772
7265
6773
966
5758
6469
11280
7360
2802
6594
1683
265
6702
8580
5818
8262
9080
5504
10880
7071
265
6702
8580
5818
8262
9080
6022
4401
7163
9696
5438
5416
7213
685
938
9412
7226
8548
5790
6430
4187
11099
4187
11099
187
5232
8057
2487
2537
91
9675
6268
5422
6706
8106
1856
91
2075
6720
10179
331
156
4859
1369
7561
1501
6214
6938
3531
5990
9588
6214
6938
3531
5990
9588
10737
1126
7030
3046
4626
5787
313
9723
6338
1369
7561
1501
1669
9102
10737
1126
7030
7815
8615
3591
5959
4439
3933
7815
8615
3591
5959
4885
11122
4709
2694
5537
7885
9476
8044
7652
10338
7917
8664
4593
6934
6380
9378
4670
9375
1027
8787
5197
7395
5053
8220
9375
5453
3095
4999
8531
5927
4656
9267
2902
3229
7771
266
2842
4516
1032
3655
846
10340
699
5019
6476
9611
10627
6260
6191
7189
5527
10407
554
1612
4129
6482
3282
6630
6699
6819
10144
10017
7733
5461
7559
3661
11037
3661
11037
3661
11037
3962
3145
9409
10432
7063
10843
6382
5280
86
9024
6878
3538
6532
5807
4977
3121
10611
8590
1140
7347
9243
3806
1294
7060
5796
3093
2655
3093
2655
2408
8757
4977
3121
10611
4713
7513
8590
5368
225
8889
8108
6981
8461
6981
5578
2379
8584
5446
10025
10571
839
9680
10212
4123
2734
8127
10293
7247
10118
1042
3618
9535
6129
9535
8283
9535
8283
9535
8283
6045
7347
9243
3806
6240
877
10055
2655
2408
2260
3738
6307
1632
10921
10494
10921
8283
2947
8283
9535
7581
10494
4019
7518
11003
7518
6129
7588
7793
9329
905
9329
905
9329
7793
1080
9987
5873
1610
4528
1610
4528
7086
10943
3306
2936
3306
2936
3306
2936
9602
2936
9602
2936
9602
2936
9602
2936
9602
9649
687
7804
1431
7804
1431
3685
6871
4281
8300
4281
8300
4281
1670
5674
1374
11257
7814
2155
3579
7394
1503
4311
10709
6771
6738
1374
5016
1374
5016
8300
4281
1670
2825
6649
7804
6649
2221
3306
2936
10031
10356
4878
9664
6282
10565
4917
10001
10728
7850
10728
7850
10728
7850
10728
7916
7419
3731
2148
3731
2148
3731
2148
6616
7824
9633
1220
9633
1220
9633
1220
8649
2609
7304
10148
6120
139
6120
139
6120
10123
6120
10123
6120
10123
6120
10123
369
5190
2743
5190
2743
5190
2743
5190
5806
2606
1619
2606
1619
2606
1619
2606
6241
969
9682
2345
9255
10332
4244
7604
8651
6888
3598
6156
1331
9477
4458
4231
4710
4231
4710
4231
4710
4231
4710
4409
3844
4409
3844
4409
3844
11151
2532
6143
5371
10493
7341
1157
3021
779
22
779
7751
8720
6751
3170
6751
3170
6751
3170
2295
8720
11289
7969
10714
7969
10714
9264
10820
9264
10820
9264
10820
5245
8532
6751
10712
6751
10712
6751
10712
11180
6758
2297
7525
10891
11205
2
2590
7124
466
3742
828
8695
7460
10616
563
11311
563
3198
5013
9086
5013
9086
5013
9086
5013
3813
5013
3813
5013
3813
5013
3813
5013
9086
1892
142
1892
142
1892
142
1892
3497
6161
9529
2182
3497
6161
9529
2182
9328
1851
2745
10650
2745
10650
2745
10650
8948
10650
8948
10650
8948
10650
6610
937
1966
10852
10632
10061
10632
5358
2391
9894
7374
5358
2391
6528
5474
10666
9820
6528
5474
6283
8792
9647
8792
9647
8792
9647
7295
2224
7295
2224
7295
2224
7295
2224
10306
2224
10306
2224
10306
2224
10306
2224
10306
8434
5172
9113
7375
1117
1775
7431
9249
7431
9249
7431
9249
7431
9249
7431
9122
3981
4125
8871
3699
5769
8321
1157
3021
779
22
10978
4498
7341
8236
6474
9049
3332
1030
3332
1030
3332
1030
3332
3150
9829
3150
9829
3150
9829
3150
9829
710
10542
5636
9198
5636
9198
5636
9198
3241
9075
3809
945
2822
10714
235
5334
9615
3241
9615
3241
9615
3241
9615
3241
9075
5970
9075
5970
9075
5970
9075
5970
9075
3241
5583
4624
6711
4387
7384
6205
11076
6413
4569
7002
3395
11076
6413
3746
4710
4231
4087
10535
6019
8255
3254
7931
959
2575
1005
3674
5949
3589
9626
4648
2993
8354
4721
10107
4565
7033
4758
1409
5762
10303
5762
10303
5762
10303
5762
10303
2717
862
6809
3816
5243
907
3864
3219
5444
3416
3622
9193
2340
1914
4729
1914
2619
4298
4596
8854
11003
8854
11003
8854
7022
6296
9082
6104
3373
2138
1580
6104
9082
3864
907
6104
9082
3864
907
6104
3373
2854
6296
2854
6296
2854
6296
2854
3373
2138
862
2138
862
2138
862
2138
862
6809
2717
6809
2717
6809
2717
6809
2717
10303
5762
1409
6166
1254
4960
7540
4139
3931
11019
5747
11019
5747
7221
8390
9814
1483
6863
2576
9558
4283
9354
593
9891
658
6266
10413
2659
3718
2943
4707
7846
2943
4707
7846
2943
4707
7846
2943
4707
3476
6922
8026
3710
953
1871
3505
1386
11290
1085
7786
6302
4372
908
3649
19
5298
6491
2345
9255
2835
5806
2606
1619
6467
1619
6467
10035
2766
733
8030
915
10601
11075
5924
10248
1450
10287
6954
8341
7123
5705
566
4785
398
7301
5516
2267
2279
44
2562
44
4022
2868
8183
9729
10731
6608
4011
7418
3301
1994
4215
4795
10682
6312
5829
1179
5829
1179
5829
5804
2046
7926
2046
7926
2046
7926
4795
10682
5852
11126
10094
6626
1292
1865
5869
1865
5869
1865
5869
1865
5869
1865
3343
7876
1971
7876
1971
1911
6708
5643
4824
8124
3075
8914
6444
2772
5663
1417
1640
1943
1640
604
4918
9351
1147
8758
7257
10208
11090
5740
8914
3075
11090
5740
8914
6444
2772
2566
10699
2704
7511
5725
3002
9674
2199
7377
10153
11317
10153
11317
6464
2115
2872
11226
6464
2115
2872
11226
6464
11317
4083
9658
9834
9658
6462
73
7117
8917
3797
4604
3872
85
2505
2089
4604
3872
6667
4317
6370
4317
6370
4317
6142
2310
9297
8851
10538
5482
10538
7073
821
4841
9898
4841
9898
4841
9898
4841
9898
9557
4430
6733
4370
4601
4370
4601
6538
9876
5992
677
878
8760
878
8760
2750
3776
2274
222
2274
222
2274
222
10665
222
10665
222
10665
222
10665
222
8902
199
3440
10684
3440
10684
3440
10684
4932
10684
4932
10684
4932
10684
4932
10684
2017
10684
2017
10684
2017
10684
2017
10684
2017
4720
7312
6826
7548
8284
1114
10531
1337
5855
1337
5855
1337
5855
1337
5855
5047
3029
1513
1152
4383
3029
1513
1152
204
5895
4708
9079
4708
9079
4708
9079
3221
6577
3221
6577
3221
6577
3221
6577
3221
4708
8180
3978
10185
9734
1649
10041
6609
150
957
667
2122
3460
301
10203
4330
1159
5456
4839
5456
4839
5456
4839
10296
6504
4499
2176
8894
8877
8894
8877
6992
8069
5570
8069
5570
8069
5570
8069
4553
2478
7399
8652
5696
8652
5696
8652
5696
5146
7625
5266
10798
5266
10798
5266
8956
6740
2567
6740
2567
6740
2567
6740
3569
2203
5543
7894
5543
7894
5543
7894
5543
717
8712
2567
7558
5029
2555
4912
10242
169
10242
169
10242
169
10242
169
3681
859
5522
7307
5522
7307
5522
7307
10613
134
1458
10580
1498
6329
6579
6496
6579
1804
3400
441
3400
441
3400
441
3400
6477
3400
6477
3400
6477
3400
6477
3957
6477
3957
6477
3957
6477
3957
6477
7825
2699
9246
2699
9246
2699
9246
2699
9246
9209
5164
7607
5164
7607
5164
7607
5372
5052
1623
1135
6461
4170
3386
4170
6461
2931
8616
718
4526
2931
8616
718
4526
4599
10129
4599
10129
4599
10129
4599
10129
10675
6960
6579
6960
6579
6960
3624
9319
1600
10861
3881
9319
1600
10861
3881
9319
3624
1777
6367
3274
2699
9746
6572
8559
7268
2826
2062
4584
2372
4193
6572
8559
7268
5107
1207
2515
10024
1207
2515
10024
9083
2399
1053
10914
9209
3309
8256
805
8711
253
9213
4027
10795
403
4027
10795
3735
2159
6989
10232
380
10232
380
3099
5793
6946
5793
6946
5793
6946
5793
10111
7027
4760
2353
8902
2353
8902
2353
4760
4681
7805
5964
10103
4507
4865
4282
1296
11131
4507
11131
4507
11131
4507
11131
1306
6779
1306
6779
1306
6779
1306
6779
971
2494
5579
8010
5579
8010
5579
8010
9921
2299
994
3989
134
1458
9582
6329
6579
6496
3482
210
2992
6985
6151
1498
6329
6579
1804
8493
8512
3941
8273
10940
4183
8771
4183
8771
4183
8771
4183
8771
210
8771
210
8771
210
8771
210
8771
6029
2972
7098
5633
7183
5633
7183
5633
7183
5570
7183
5570
7183
5570
8346
4553
2478
7399
4924
8346
7649
2621
5080
2621
8652
6601
8635
7946
7369
7946
7369
7946
3201
8956
6740
3569
2203
4473
7570
3569
7369
6684
7894
5543
717
4473
717
4473
7570
8712
2567
7558
5029
2555
8094
9536
4912
10242
1276
8763
7625
8763
7625
8763
859
3681
7777
6881
6743
4979
5522
5146
7625
8763
859
5522
7307
4274
7307
4274
10613
4274
10613
4274
10613
4274
10613
4274
8816
5696
8816
5696
8816
5696
8816
5696
8652
2621
5080
9864
5686
10039
5158
8816
5696
8652
6601
8635
10019
8635
10019
8635
7946
7369
6684
6992
8877
7894
5543
1227
8894
2176
795
6504
4499
503
1452
6144
9902
8818
9902
8818
9902
8818
9902
8818
9902
7924
9033
8308
3059
1745
6424
3354
635
3354
635
3354
635
3354
635
3354
660
9335
1903
1745
9033
10429
4451
2291
4839
2291
4839
2291
4839
2291
4839
2291
7699
10909
5272
6463
9877
6680
10689
6923
4828
1918
4828
1918
4828
1918
2988
5815
11196
4246
4376
1073
867
2792
9575
2055
1326
6762
6744
2568
1592
3632
2067
1997
1107
10334
3173
7337
8412
1809
8412
1809
792
3195
3358
3195
3358
3195
3358
3195
3358
6841
2821
8148
11322
3101
3339
9668
7702
2296
781
5679
7887
166
7234
5679
7887
8413
10858
1724
7871
5077
1588
7593
2139
9022
6397
2834
6397
2834
6397
2834
1330
1687
1310
2556
171
10068
5077
3936
6639
5022
9748
9042
9748
9042
9748
9042
3882
9042
3882
9042
3882
9042
3882
9042
5122
4043
10461
10485
5253
163
1643
8997
6488
9923
10485
11200
8690
5253
6540
1327
9173
6368
11229
11223
6853
10688
2607
4483
10970
8424
7169
5812
9258
5812
9258
5812
7169
2242
7326
10163
3260
10163
4614
10441
4903
6478
10062
8715
3594
5691
3224
2441
3224
5691
7134
5691
7134
5691
7134
5691
3224
10862
5076
10910
6909
4365
6909
4365
6541
10753
8203
10753
5315
6591
3311
1856
4923
3135
8360
8762
9166
8294
9750
5817
761
11108
2059
5506
555
6076
5349
6076
5349
4983
3937
6333
135
3500
7128
4287
7128
5303
7383
3960
9219
4209
2578
5497
5830
1528
9304
2181
6006
5061
5676
10538
5482
9014
8487
3319
3753
3319
5645
1486
9138
10300
11116
6808
3640
9751
2468
1528
3960
9219
10631
8910
2866
9219
10631
8910
2866
9219
4138
10399
6953
3326
3995
10710
7012
2917
6376
6830
7863
6830
7863
6830
6376
6688
7687
5536
5691
7134
7687
5536
5691
3224
10862
5076
5394
10715
4312
4816
4365
6541
4021
2416
4926
7289
9202
2577
698
8145
9764
10341
238
1072
10668
5967
8194
9650
511
2662
7091
7940
5071
9830
11171
2427
10228
472
7753
1111
11253
701
11171
10228
472
7753
11336
870
2306
26
9295
10489
8505
540
1890
6657
10686
9298
4818
2416
4926
2729
10383
6254
10383
2729
8203
10753
10757
10753
10757
10753
10757
2243
8016
2441
6095
2323
11291
6712
5322
9986
2041
7134
2041
7134
2041
7134
2041
7134
5691
3594
8715
8596
10554
10062
4209
2578
5497
6478
5161
3260
9907
1154
2733
7664
4483
7664
4483
2607
8424
7069
1815
4135
1238
1817
5278
2669
9173
333
9173
6368
10564
11229
1199
7391
11223
307
3090
2763
5801
1432
1459
10680
5496
8872
5496
11167
7633
8095
7633
8095
7633
8095
7633
4485
1432
188
1432
188
1432
188
1432
188
1313
307
11223
6853
4410
10366
8970
4485
1432
1459
341
8553
11297
5801
11297
6183
10160
1019
10160
1019
10160
1019
10160
1019
5875
861
9261
5437
9923
163
1174
2127
1327
1574
10480
527
1724
9930
2787
8413
10858
4535
2547
3831
7578
6718
2547
3831
7578
6718
9150
781
6207
4425
4776
8148
2660
4425
3188
10912
1229
4058
9274
10912
1229
7427
4133
3188
7130
8001
7401
4868
6964
7623
6964
4968
7234
8001
9274
10912
1229
4058
9724
7972
562
7972
8982
1800
4030
753
8705
1502
9483
7968
3782
1673
8713
7909
4810
10514
5611
2741
2317
7665
6065
7143
9817
6742
9817
6742
6145
4634
8878
1732
2403
1071
10052
11251
6101
10117
5110
10117
5110
10117
5110
10117
5110
2994
1806
2994
1806
2994
1806
2994
1806
8422
7114
2644
10482
3951
1699
8967
3363
7605
2829
7605
2829
7605
2829
7605
9641
8120
7875
8705
7875
8705
7875
8705
7875
8705
1502
3240
5776
9023
5180
4982
3240
5776
10270
8797
8982
1800
8193
2617
4722
1162
9403
1162
9403
1162
9403
1162
9403
10528
7677
1231
9117
10955
2472
3281
450
5213
2910
5752
7092
6328
895
7271
6328
895
7271
3401
3442
5617
5625
9197
1825
4082
5347
10658
5347
10658
5347
10658
8292
6475
10081
1354
7672
4735
1228
4735
2002
7831
5730
4673
10219
7000
9765
2220
8431
8759
8731
602
9993
1491
7799
9167
1586
9167
1586
9167
1586
9167
1586
9665
41
5283
8367
4434
8367
4434
8367
2855
4097
1041
8492
10170
7838
10170
7838
3194
10885
4444
10885
4444
10885
4444
10885
7235
9643
7235
9643
7235
9643
7235
9643
7724
1041
7724
1041
7724
1041
7724
1041
7724
1931
7724
1931
7724
1931
2266
8366
154
1730
154
1730
154
1730
154
1730
154
7520
2469
4347
4426
11199
4426
11199
4426
157
10392
2658
5347
5140
2974
10414
4367
3749
7672
153
10009
9502
5866
3055
10009
3055
10009
3055
10009
3055
10009
3055
10009
9502
1931
2167
10691
2855
10691
9288
359
5675
7668
2799
7668
2799
7668
2799
9022
10426
7065
10426
7065
10426
7065
10426
2834
10426
2834
10426
2834
10426
2834
10426
2834
1330
1687
1310
2556
6910
5151
10269
7045
6351
2460
166
10803
9822
11347
6111
481
2308
7690
9822
11347
9827
10490
6111
481
4957
5752
7092
10085
3428
10085
3401
3442
5617
5625
9197
3470
9280
10172
3014
7459
902
9652
11048
5184
40
4931
3704
3659
4363
8682
2738
9687
1636
4088
5137
3470
9280
8850
4873
10490
8040
3401
8040
3401
3442
5617
5625
9197
1825
1004
8479
347
10162
3
2121
10363
2121
10363
2121
10363
7628
8971
8784
7271
6328
2472
10955
1680
1231
9117
2370
10000
9216
3281
450
5213
11112
3267
7623
6489
7623
6489
3267
6489
3267
6489
3267
6489
3267
6489
3267
2158
450
5213
2910
2308
7690
10803
9822
481
2308
7690
9822
481
4957
5752
7092
6328
2472
10955
1680
895
7271
6328
2472
3281
450
5213
11112
4968
7234
8001
9274
10912
1229
7427
792
10334
10178
696
9139
9310
2594
3969
10711
8804
6847
3666
6847
3666
6847
3666
6847
3666
6847
10218
4239
10983
10830
10983
10830
10983
3760
10983
5590
6746
10830
9151
4240
2463
11002
2432
5611
2432
5611
2432
5611
2432
10900
10895
11217
1625
7217
1168
10933
9566
4239
10983
5590
1537
7823
1537
7823
1537
9956
1363
6187
7618
6187
7618
6187
7618
10114
6187
10218
6187
10218
6187
10218
6187
7618
10445
2970
2842
2970
2842
2970
2842
1706
57
2542
57
2542
57
2542
57
5279
10551
5629
8885
1253
8622
1253
8622
3580
5551
3580
5551
3580
5551
3580
11139
8107
11275
9140
6403
5621
7286
5621
7286
6010
3656
7928
3384
2957
374
4825
5621
6403
9140
11275
7216
1922
2008
8629
484
7999
4872
10551
1706
10551
1706
10551
1706
2842
2970
8576
2970
8576
2970
8576
8385
661
2476
8737
8885
9348
4153
9781
10620
5323
10547
10026
218
9875
9957
9875
9957
8896
10378
4229
1163
4229
1163
4229
1163
9129
2540
4220
6604
10404
9897
10404
9897
556
6484
5845
6484
5845
6484
5845
6484
8579
3912
8579
3912
8579
3912
8579
3912
8925
556
5845
556
5845
556
5845
556
9897
8899
9897
8899
9897
8899
9897
8899
8244
8899
8244
8899
8244
8899
8244
8899
8244
6484
8244
6484
8244
6484
8244
6484
556
8925
4887
7314
10434
3445
9032
7343
9032
7198
6834
9940
3388
1573
3388
1573
7489
9168
10428
10794
9063
7489
9168
3258
9168
10428
10794
10552
417
10552
417
10552
4933
2706
10838
2706
10838
2706
10838
2706
4933
6437
4618
4523
595
7914
4346
7914
4346
4724
10536
9931
10536
9931
10536
9931
6316
5650
11067
5028
8897
5028
8897
5028
595
7914
4848
1909
9052
1909
9052
1909
10261
257
10261
257
10261
257
10261
6930
11274
7015
10067
5135
10705
8866
6326
172
2389
2938
8116
1015
8116
1015
8116
1015
9187
1015
9187
1015
9187
1015
9187
1015
8116
4770
7601
4770
7601
4770
7601
4770
7601
4881
2104
4881
2104
4881
2104
4881
9744
8289
4255
11111
6119
11111
6119
11111
4255
2652
10941
3554
2390
7950
2390
7950
2390
3210
20
4126
2914
11157
2955
2652
10420
7996
1205
9704
10420
7996
1205
9704
11109
1602
7244
9654
8557
8445
10968
2164
4615
9561
4615
9561
4615
9561
4615
9561
6219
8103
8028
8954
7576
8103
5432
613
3351
634
10168
871
9698
5872
809
1947
5286
10048
2883
1321
8960
3944
2465
10355
8800
5714
9372
4615
6196
1078
2465
1078
6196
6004
1060
3639
1060
3639
1060
3639
6004
6196
8445
6196
1078
9705
413
5714
9372
4615
6196
1078
431
3208
8556
2084
1321
8960
3944
8556
8639
2102
4677
2084
1321
8960
2252
1947
5286
713
6054
3454
3133
2613
4516
1032
3655
7680
397
4679
5610
6502
4318
8098
3820
4700
2225
10407
4306
1267
7201
3237
5330
366
7201
3237
5330
366
7201
3237
5330
5353
3458
6047
893
3458
6047
9438
4864
1848
4864
1848
4864
1848
4864
8098
3820
4700
2225
10407
554
3282
6630
10326
5527
5623
8756
457
4679
7837
846
10340
699
5019
9411
7189
9411
7189
5527
5623
8756
457
7837
846
10340
699
6782
3441
2626
6153
3487
1032
3655
7680
579
6194
11153
397
4679
5610
6502
4318
8098
893
8098
893
8098
3820
4700
2225
10407
4306
1612
4129
6482
4994
9900
700
6002
2211
4519
10335
8813
6509
7309
4519
10335
8813
6509
7309
4519
10335
693
1743
3145
3962
8229
3661
11037
3329
7571
3329
7571
3329
7571
4734
7095
1364
7095
1364
7095
8386
2971
5857
8378
10142
8378
10142
501
4464
2314
1389
2314
1389
4305
10666
9820
9894
7374
8657
8594
9894
7374
8657
8594
9894
7374
5358
10061
4883
7283
4883
7283
4883
6625
10010
393
10010
393
10010
393
10010
393
8117
6346
1406
10006
3290
3429
1087
6390
6887
10533
1151
9555
4809
142
4809
142
1892
9086
2756
4964
2756
4964
2756
3767
3813
3767
3813
960
6086
4964
10479
8358
3044
8358
3044
8358
3044
8358
3044
10479
8358
3044
10479
8358
6390
3126
1782
3762
1406
10006
8049
3290
8918
960
3813
11186
828
8695
7460
4992
2790
2590
8695
2590
8695
2590
8695
2590
8695
2590
8695
7460
4992
6810
7773
4685
6447
4605
4759
7773
4685
6605
9248
1421
5779
7387
592
5779
7387
592
5779
7387
592
5779
3104
6937
3383
4286
3308
8864
3596
8599
10744
1642
4286
3383
1904
3104
6937
769
4149
11248
8750
206
10342
5021
8582
7892
3800
2862
10040
10119
9008
1626
965
1394
9008
1626
965
8214
373
10134
10603
8592
373
10134
5620
1981
564
9239
6812
5970
9075
3809
945
9203
6673
10384
500
8865
899
3861
6290
4845
8406
3815
2845
10384
500
8406
3815
6223
10499
10548
5004
6223
10499
8840
4447
1626
965
8214
248
1394
6325
4705
4369
6574
1544
4319
4705
4369
6574
6493
3299
4437
1344
2748
8056
2529
322
8876
9684
4587
4012
6987
2395
5693
8470
2290
10184
8377
10183
9112
4537
10206
3383
1904
6130
2720
8933
384
6088
3001
11269
1877
7585
1877
7585
1877
7585
1877
4904
9763
4904
9763
4904
9763
4904
9763
4904
9918
4904
9918
4904
9918
4904
9918
3302
8477
3302
8477
3302
8477
3302
8477
10635
3810
5448
3810
5448
3810
5448
3810
5448
8474
10937
442
7306
4573
5552
3983
6628
5552
2143
1766
3494
1790
9362
8991
1790
8991
1790
8991
1790
8991
1790
8991
9362
1523
4277
7783
8324
9733
105
1255
9342
10110
1519
9418
3098
203
952
5475
1282
3097
728
402
2000
4277
6849
10321
10136
10763
10136
10763
10136
10763
10136
10763
1262
4035
4953
10991
8485
10991
1523
10050
3120
1766
3494
8485
3207
5373
1872
2397
4431
528
4431
528
4431
528
4431
528
3510
528
3510
528
3510
528
3510
528
3510
5020
11288
5798
3280
4953
10991
10981
961
1262
6849
7783
6552
1884
1584
3658
7288
3658
7288
3658
7288
3658
7288
3658
8441
8767
4225
11113
3736
8279
5193
5940
9332
5276
8646
4084
9263
11036
327
11155
2685
5009
3712
3856
4529
3930
9263
11036
327
9767
2620
2300
9736
2965
3295
1018
1672
9098
3924
155
3924
155
3924
155
7661
3107
11276
9584
4669
202
8252
4731
9942
5005
4738
202
4738
202
4738
202
8252
2685
1419
5079
10771
5935
2732
4235
10225
6832
8981
5050
9478
2781
8404
9141
10150
9067
719
10860
8696
5419
4225
11113
3200
7430
4564
9206
3200
7430
4564
264
7502
2301
7087
5042
119
8083
9871
6433
649
9100
119
9100
649
264
5058
8767
7300
11113
3736
8279
5698
8831
3736
8279
5193
5940
8773
9442
4550
9825
9355
1805
5969
10805
3934
11095
8855
298
109
9119
732
9482
7806
2610
927
1248
4405
11041
6679
3934
11095
7498
11095
7498
9685
2863
7648
4591
11214
8654
1197
4329
8086
1218
2903
892
6106
9466
8036
2765
9430
7388
9663
1139
10558
5044
7416
890
7416
5044
6767
2507
6767
2507
6767
2507
6767
2507
524
5458
6973
6764
892
6106
7330
1844
8086
1218
3038
11214
8654
5859
8501
2522
5974
8166
9847
281
9847
281
9847
3903
3763
11164
7904
5115
195
10800
195
5263
10491
9990
891
2653
4078
549
7870
9838
10234
2325
964
5889
1083
2325
964
5889
762
9121
1185
6217
1484
2456
1484
2456
2462
2456
2462
2456
2462
2456
2462
2456
5256
7716
5479
1868
10481
11319
3516
256
2724
5123
3818
1448
3818
1448
3818
1448
7638
10481
11319
10738
10444
10507
8847
29
8647
2610
927
4544
7812
10376
3676
7647
6327
4706
6327
4706
6327
4706
6327
4706
2013
4706
2013
4706
2013
4706
2013
5947
10782
4980
497
5947
10782
4980
497
2800
5728
5092
340
5092
340
5092
340
3676
5237
8463
11096
7647
8418
10226
4405
11041
8611
61
8131
10191
5193
4084
4360
9263
7650
11155
2685
9456
8886
3884
6979
5935
2732
4235
10225
6832
1570
4949
9478
6100
8141
8853
10497
6287
3877
9189
10497
6287
9642
10841
9642
10841
9642
10841
9642
4844
10394
4844
10394
4844
10394
4844
10394
9527
10394
9527
10394
9527
10394
9527
10394
9527
8696
5419
8279
5698
8831
6364
1213
3736
8279
5193
5940
9332
7432
10121
6016
7211
2097
10628
3296
8024
2600
4493
9778
3953
575
504
3527
7719
7910
3527
7719
1370
11033
6257
5648
10411
9715
10411
9715
5574
5933
5574
5933
5574
5933
5574
5933
4435
10411
4435
10411
4435
10411
4435
8920
2600
7492
3177
6866
10721
6866
10721
9338
5942
6866
11021
1404
7531
1404
7531
1404
7531
1552
7616
7205
7616
7205
7616
7205
10923
1149
8134
3108
8134
3108
8134
3108
9040
6028
1149
6028
1149
6028
1149
6028
1149
8134
2843
9884
1149
8134
2843
9884
7171
3956
5203
2382
2276
2382
2276
2382
2276
6015
5989
4688
389
4688
8371
3197
5410
4524
8128
1437
7305
6253
3917
5574
9715
10411
6123
6257
6123
6257
6123
6257
5648
9037
8920
2600
7492
10721
9338
4600
8135
2097
10628
3296
8024
8549
2648
2600
4493
9778
3953
3486
1387
9256
7181
3175
1408
3955
759
8388
9013
4492
6068
2600
10793
1370
2558
9562
6652
4511
9256
62
3868
3955
2452
8815
4800
7432
793
2809
308
3296
10655
10427
4492
2710
1656
9778
3953
3486
1387
9256
7181
3143
8169
4767
9773
8257
4598
998
4598
998
4598
998
946
1288
8926
10038
205
3265
9703
11286
3315
5594
10038
7421
10038
7421
10038
7421
4768
6944
5109
1415
9858
10337
6860
6602
7744
4243
7744
4243
7744
4243
7744
4243
6908
10337
9858
3619
8478
712
3619
8478
1081
383
11271
6299
7260
1488
7260
1488
3467
6800
3467
6800
3467
6800
3467
6800
1116
6800
1116
6800
1116
401
8561
2922
401
8561
5113
7403
5113
7403
5113
7403
10796
2572
767
1654
4046
4910
10790
4910
1525
11042
11
9017
8481
9677
4842
9137
8062
10463
10298
2170
9196
2170
9196
2170
5174
7624
2129
7624
2129
7624
2129
7624
1751
8241
1751
8241
1751
8241
1751
8241
1751
10930
2758
9473
2758
9473
2758
9473
3157
2165
3157
2165
3157
2165
3157
2165
382
4130
367
10483
10354
433
10922
8062
2165
3157
8241
10324
10463
10298
8322
4588
9196
9390
1390
8311
3991
650
4588
9196
2170
5174
7624
6919
7193
2762
5508
7067
3215
350
6968
8569
8266
2708
8266
2708
3564
483
11294
2987
5238
1698
3017
3564
483
9672
5626
6561
8569
483
9672
5626
6561
1900
6968
9281
9631
7219
70
1044
3991
650
6330
11184
9047
1925
9047
1925
9047
8407
10102
3558
1982
3558
1982
7967
4296
9313
1679
918
3503
2778
4946
2778
4668
1855
8090
4143
4668
1855
8090
4143
3020
1146
9538
6893
7538
10227
1435
10227
1435
550
10748
3082
10967
1493
1780
1034
5014
2284
8380
2284
8380
2284
8380
2284
8380
3467
5609
10696
5609
10696
5609
10064
3653
1590
2045
1590
2045
1590
2045
1590
3757
5843
3757
5843
3757
5843
1011
11298
7781
591
3115
10743
3115
10743
3115
10743
5199
2045
3328
2045
3328
2045
3328
2045
1493
550
10748
1146
9538
2702
3549
4936
3683
4951
6848
4951
6848
4951
6848
4951
3411
6330
11184
6848
1692
6848
1692
8407
10102
2927
4315
4879
1870
9353
3366
9415
6755
10839
320
10323
7809
10724
10698
4852
7809
2941
7173
4468
5634
7550
695
8588
8473
11292
170
11292
170
11292
170
11292
170
184
7947
1105
7947
5898
2925
3977
11085
8732
287
5402
287
5402
287
5402
287
1611
287
1611
287
1611
287
1611
7044
1611
8620
5046
2786
6396
5178
3835
4445
10873
9212
10157
372
391
5121
9832
5355
9583
4334
10939
9427
4843
8006
1315
4562
8740
6122
7918
6122
7918
6122
7918
10526
5260
10526
5260
10526
5260
10526
5260
10526
7918
9056
10347
10155
7693
9056
10347
10155
7693
5897
4472
343
4472
343
4472
2904
6789
3418
8722
8600
2040
6606
8496
3609
7239
4214
8357
5031
9854
3544
671
3609
7239
1315
10155
10347
6122
10347
6122
8740
4972
10917
5429
4562
8740
4972
10917
4843
10917
4843
10917
4843
10917
4843
8006
5429
8006
5429
8006
5429
8006
5429
8006
1315
10155
7693
5897
6069
4472
2904
6789
3418
8722
1054
8454
9790
8319
3418
8722
8600
2040
3127
8597
5397
4146
8597
4146
8597
4146
8597
4146
8597
4146
8634
1979
4032
4062
9819
3286
9988
11012
3286
9988
2939
600
1885
3272
7738
3111
1885
3272
5157
1769
1391
3085
6786
7595
6218
3041
6218
3041
6218
3041
6218
3041
10069
2264
772
7467
10920
10372
8129
8643
4956
3926
8054
9071
8537
9071
8537
9071
7308
4120
7308
4120
7308
4120
7308
4120
10299
5395
4290
3715
2951
3485
2951
3485
2951
9532
4642
10932
4642
10932
4642
10932
4642
4914
45
8745
9200
8745
9200
8745
9200
9622
6915
9659
6094
9659
6094
9659
6094
10641
9777
221
3066
221
3066
221
3066
3684
10736
9908
10736
9908
10736
9908
10736
925
10052
925
10052
925
10052
925
10736
9908
1863
5887
470
5887
470
5887
470
7829
5929
7829
5929
7829
5929
7829
9027
4292
1499
1343
8140
6238
1392
6952
882
9628
36
9474
932
4907
5607
6713
6096
10238
4531
9689
3414
2777
5500
634
4788
7651
4891
6251
2298
1970
6251
2298
1970
8235
8581
8235
8581
8235
8581
8235
8581
3739
6783
7943
6783
7943
6783
7943
7676
620
6341
2216
9525
6150
1017
8073
7913
11044
9525
6150
10610
6209
7196
144
8906
3774
9012
3438
5744
4389
10018
3334
6097
10089
3305
7238
1314
3698
5777
6219
9561
8245
1507
2054
20
4126
7950
2955
2652
10941
2999
6117
1299
10078
10941
2999
6117
9601
6117
9601
6117
9601
6117
9601
8557
8445
6196
1078
2465
6756
3904
8800
9561
9945
9372
4615
2164
288
2811
9944
1507
2054
20
4126
2914
7475
7915
8143
1988
3092
3501
3092
3501
3092
3501
11157
8289
9744
4881
7619
9841
2104
4881
172
2389
10080
443
3225
8318
2687
8785
443
3225
8318
2073
2651
6647
9445
4578
11137
5770
2928
412
1015
9187
1303
412
1015
8116
4770
2731
3091
6896
9088
7482
1881
8810
10097
9314
1021
7122
1734
7577
3843
4292
1499
7817
9849
5561
5274
10418
9881
875
913
8879
9657
4479
280
5913
8353
5913
8353
5913
8353
5913
8353
5913
8353
10612
8353
10612
8353
10612
8353
10612
3461
10612
3461
10612
3461
10612
3461
10612
2223
280
4479
4442
3365
7890
2897
1512
10477
9840
7479
10128
7479
10128
7479
10128
7479
10993
3110
10993
3110
10993
3110
10993
9259
9840
7795
9229
8660
368
8660
3250
2677
7121
2214
7722
7121
2214
7722
7121
2214
6731
5893
6051
6138
1046
6138
1046
6138
9954
9742
4240
2334
5542
10837
2463
11002
2432
10900
3801
833
5177
9946
11002
2432
5611
2741
5821
2741
5821
2741
5821
2741
8713
7909
1064
5180
4982
5834
9483
7968
5180
9023
9779
10514
9779
10514
6294
6127
6013
8957
10390
9911
6013
8957
10390
9911
5611
2432
10900
3801
3392
5708
833
5177
9946
9155
3259
9421
3848
1090
3848
375
8267
9155
9151
10395
1046
4952
5684
840
9604
2677
3250
6746
10830
3492
9566
4239
10983
5590
368
8416
4233
8155
10128
5112
2622
291
11049
291
11049
291
11049
9585
3146
6785
11236
5117
11236
5117
11236
3110
4017
3110
4017
3110
4017
3110
4017
232
4017
232
4017
232
4017
232
9259
9840
7479
7795
9229
8660
10995
2227
7121
2214
6731
5893
4085
2029
4937
6051
6728
10913
9030
9954
9742
10395
1046
4952
5893
4085
5738
7890
5220
7256
8436
11234
5886
250
6511
9867
6511
9867
6511
9867
2569
2236
9191
5433
6109
8526
8038
6763
7455
882
9628
1557
5883
5356
8037
9732
2495
5835
813
7019
8996
10468
2024
5436
8350
6947
4943
6947
4943
6947
4943
6947
4943
2024
2773
272
8037
9732
4970
5297
2134
5297
4970
6411
6947
6411
6947
6411
6947
10285
7465
2342
8525
2342
8525
2342
8525
5592
1075
5592
1075
5592
1075
5592
10649
8471
8701
4996
8297
4701
7681
6098
7681
7372
1075
5370
1249
4175
886
4175
886
5887
8163
6795
8163
6795
8163
6795
8163
4175
9622
4175
5367
6915
9200
8745
4914
45
8333
2162
3964
245
888
245
888
245
9003
245
9003
245
9003
245
9003
1634
4120
3425
8867
3926
2285
5489
10926
3325
76
9440
76
9440
76
9440
76
10475
9051
294
10986
4412
278
3396
10438
1609
1797
1609
1797
1609
1797
1609
1797
6595
6831
4504
6831
4504
6831
4504
6831
4504
3526
5641
10706
345
6716
345
8743
6716
5754
1964
5880
11249
5880
11249
5880
10592
5880
10592
5880
10592
5880
10592
5880
6786
5880
6786
5880
6786
5880
6786
5880
11249
4118
11249
4118
11249
4118
11249
4118
1391
4118
1391
4118
1391
4118
1391
4118
11249
3085
11249
3085
11249
3085
11249
3085
11249
5880
1964
6218
1964
6218
1964
6218
3041
10069
2264
7768
2264
7768
2264
7768
2264
772
3325
4554
2428
4554
2428
4554
7527
11066
2428
10926
10920
8968
1190
7259
8430
2656
3390
7586
10633
532
4665
244
2874
3945
5573
9992
10135
10962
7723
6163
1557
5883
5356
9866
2347
7074
2715
2874
3945
437
5951
8996
10468
8716
4574
9866
2347
7074
7094
3264
8761
10633
7586
7788
4416
3065
10881
9054
342
8045
3154
5816
7614
4366
4665
244
2715
7074
8275
7802
6865
7802
6865
7802
6865
7802
6865
7802
6865
5794
10476
4956
8867
7308
2027
1634
4120
3425
6962
11034
6807
5934
8225
10051
3472
8225
10999
8225
10999
8225
3472
8039
6807
5934
7597
10999
7597
10999
7597
10999
7597
3284
8916
381
6695
381
6695
381
9533
6164
3504
7245
3100
8489
3504
7245
5794
7245
5794
7245
5794
7245
5794
7245
5794
10476
4956
3926
8054
2133
11043
9690
3040
9321
11296
11051
269
11051
269
11051
269
10249
1536
10249
1536
10249
1536
10249
269
3079
509
3079
509
3079
509
3079
269
2847
9976
9594
1629
246
1629
246
6641
10500
6440
10500
6440
10500
6440
10500
6768
1225
2591
323
8339
10585
4051
10585
4051
7551
1048
5612
1048
5612
1048
5612
9810
6872
10985
6872
10985
6872
9810
6872
436
4516
7281
2751
2239
7075
8109
601
7572
11103
3227
6926
5755
11303
4501
6414
7041
4672
2998
6414
7041
7090
4249
5782
8747
1907
6640
5390
7880
6487
10887
3729
10887
1418
9269
6578
1067
6569
1067
6569
1067
6569
9614
2003
4773
9164
1166
11266
303
8338
7832
9303
7832
9303
7832
9303
7832
8338
7007
271
7007
271
7007
271
4163
6244
1453
5751
2311
1274
7630
2185
2980
2005
6703
2005
6703
2005
6703
7344
1232
2064
3832
9868
6447
9868
6447
9868
6447
4605
4759
7773
11311
6810
11311
6810
11311
4992
6810
11311
4992
2790
8013
9387
1155
7892
3800
2862
10040
10119
606
9008
1626
10548
5004
7350
4925
8592
1913
965
8214
373
10134
5620
161
6673
10384
8865
899
3861
6290
1957
6290
1957
6290
1957
7477
4845
8406
3815
2845
10384
3745
10603
8592
373
10134
5620
161
9203
161
9203
10820
9203
6673
10384
10820
2822
2482
5334
9615
3241
5583
10542
5636
6228
3174
22
10978
4498
5598
6474
9049
1729
3193
2481
4830
9615
3241
5583
4624
6711
3150
6711
4387
10416
1030
9174
8236
9174
8236
9174
8236
10883
8387
5371
5949
3589
2975
6599
1254
4960
641
4254
2749
4453
641
4254
2749
10474
10942
7540
4139
3931
2553
5747
7221
6245
3901
6245
3901
6245
3901
6245
11138
8663
6655
4458
5131
9273
4045
9075
3241
5583
8299
4231
4087
6790
1413
933
8832
5236
7221
6245
3901
8832
5236
7221
8390
9814
5302
3213
7604
5302
9299
6082
10804
7941
9322
10728
7850
864
7850
864
1180
8558
1864
325
3913
7363
864
1180
8558
8714
1929
1431
1929
1431
7261
10031
10356
4878
6058
10315
4150
2450
8945
10594
2865
229
9193
8805
200
9600
8805
200
9600
8805
9193
2340
5874
10664
2896
96
2779
2340
5874
10664
2896
96
2779
2340
5874
4729
3035
4377
9329
905
4377
9329
7793
1080
9987
5873
1610
5729
10293
8127
7670
10212
4123
2837
1140
7347
1294
7060
10055
2655
3093
6806
2408
2260
6878
700
5678
5280
86
9024
3738
9024
5678
5280
86
11231
8078
7032
8700
9024
5280
86
11027
3012
10087
3137
10087
3137
3012
10087
11160
7429
11160
7429
11160
7429
11160
7429
1691
7429
1691
7429
1691
7429
1691
7429
8642
8125
11160
7429
8642
8125
955
9856
688
10087
11160
7429
8642
8893
1775
7431
9249
955
9249
3900
10761
6220
7032
6407
2946
2103
3674
1005
3844
2014
8204
2014
3844
11151
10022
1529
8972
7002
3395
11076
6413
4569
1121
1529
8972
2532
6143
3395
11076
6413
3746
10344
1121
